Running on device: cpu
Average cosine similarities between categories:
                           Angelina Jolie Angelina Jolie Baseline Brad Pitt Brad Pitt Baseline Denzel Washington Denzel Washington Baseline
Angelina Jolie                   0.928878                0.748534 -0.215712          -0.217393         -0.003067                  -0.050526
Angelina Jolie Baseline          0.748534                0.870445 -0.133956          -0.156611          0.048481                  -0.045923
Brad Pitt                       -0.215712               -0.133956  0.931821           0.843005          0.120692                   0.142684
Brad Pitt Baseline              -0.217393               -0.156611  0.843005           0.928699          0.120696                   0.112368
Denzel Washington               -0.003067                0.048481  0.120692           0.120696          0.924712                   0.711488
Denzel Washington Baseline      -0.050526               -0.045923  0.142684           0.112368          0.711488                   0.898003
